# Blender 4.4.3
# www.blender.org
mtllib multiple_color_lights.mtl
o Cube
v -10.676805 4.097210 -0.635368
v -9.934450 5.212623 -0.635368
v -10.676805 4.097210 0.510917
v -9.934450 5.212623 0.510917
v -11.217606 4.457137 -0.635368
v -10.475251 5.572549 -0.635368
v -11.217606 4.457137 0.510917
v -10.475251 5.572549 0.510917
vn -0.5541 -0.8325 -0.0000
vn -0.0000 -0.0000 1.0000
vn -0.8325 0.5541 -0.0000
vn 0.5541 0.8325 -0.0000
vn 0.8325 -0.5541 -0.0000
vn -0.0000 -0.0000 -1.0000
vt 0.625000 0.500000
vt 0.625000 0.750000
vt 0.875000 0.750000
vt 0.875000 0.500000
vt 0.375000 0.750000
vt 0.375000 1.000000
vt 0.625000 1.000000
vt 0.375000 0.000000
vt 0.375000 0.250000
vt 0.625000 0.250000
vt 0.625000 0.000000
vt 0.125000 0.500000
vt 0.125000 0.750000
vt 0.375000 0.500000
s 1
usemtl Pink
f 1/1/1 3/2/1 7/3/1 5/4/1
f 4/5/2 8/6/2 7/7/2 3/2/2
f 8/8/3 6/9/3 5/10/3 7/11/3
f 6/12/4 8/13/4 4/5/4 2/14/4
f 2/14/5 4/5/5 3/2/5 1/1/5
f 6/9/6 2/14/6 1/1/6 5/10/6
o Cube.001
v 10.159072 -3.186625 -0.693354
v 10.901426 -2.071212 -0.693354
v 10.159072 -3.186625 0.452931
v 10.901426 -2.071212 0.452931
v 9.618271 -2.826698 -0.693354
v 10.360625 -1.711286 -0.693354
v 9.618271 -2.826698 0.452931
v 10.360625 -1.711286 0.452931
vn -0.5541 -0.8325 -0.0000
vn -0.0000 -0.0000 1.0000
vn -0.8325 0.5541 -0.0000
vn 0.5541 0.8325 -0.0000
vn 0.8325 -0.5541 -0.0000
vn -0.0000 -0.0000 -1.0000
vt 0.625000 0.500000
vt 0.625000 0.750000
vt 0.875000 0.750000
vt 0.875000 0.500000
vt 0.375000 0.750000
vt 0.375000 1.000000
vt 0.625000 1.000000
vt 0.375000 0.000000
vt 0.375000 0.250000
vt 0.625000 0.250000
vt 0.625000 0.000000
vt 0.125000 0.500000
vt 0.125000 0.750000
vt 0.375000 0.500000
s 1
usemtl Blue.003
f 9/15/7 11/16/7 15/17/7 13/18/7
f 12/19/8 16/20/8 15/21/8 11/16/8
f 16/22/9 14/23/9 13/24/9 15/25/9
f 14/26/10 16/27/10 12/19/10 10/28/10
f 10/28/11 12/19/11 11/16/11 9/15/11
f 14/23/12 10/28/12 9/15/12 13/24/12
o Cube.002
v 0.231762 4.129866 8.298392
v 0.185493 5.245278 7.557481
v 1.375819 4.129866 8.226947
v 1.329550 5.245278 7.486036
v 0.265469 4.489792 8.838141
v 0.219200 5.605204 8.097231
v 1.409525 4.489792 8.766697
v 1.363256 5.605205 8.025785
vn 0.0345 -0.8325 0.5530
vn 0.9981 -0.0000 -0.0623
vn 0.0519 0.5541 0.8309
vn -0.0345 0.8325 -0.5530
vn -0.0519 -0.5541 -0.8309
vn -0.9981 -0.0000 0.0623
vt 0.625000 0.500000
vt 0.625000 0.750000
vt 0.875000 0.750000
vt 0.875000 0.500000
vt 0.375000 0.750000
vt 0.375000 1.000000
vt 0.625000 1.000000
vt 0.375000 0.000000
vt 0.375000 0.250000
vt 0.625000 0.250000
vt 0.625000 0.000000
vt 0.125000 0.500000
vt 0.125000 0.750000
vt 0.375000 0.500000
s 1
usemtl Green
f 17/29/13 19/30/13 23/31/13 21/32/13
f 20/33/14 24/34/14 23/35/14 19/30/14
f 24/36/15 22/37/15 21/38/15 23/39/15
f 22/40/16 24/41/16 20/33/16 18/42/16
f 18/42/17 20/33/17 19/30/17 17/29/17
f 22/37/18 18/42/18 17/29/18 21/38/18
o Cube.003
v -1.124752 -3.153969 -8.966572
v -1.171021 -2.038557 -9.707483
v 0.019305 -3.153969 -9.038017
v -0.026964 -2.038556 -9.778928
v -1.091045 -2.794043 -8.426823
v -1.137314 -1.678630 -9.167733
v 0.053011 -2.794043 -8.498267
v 0.006742 -1.678630 -9.239179
vn 0.0345 -0.8325 0.5530
vn 0.9981 -0.0000 -0.0623
vn 0.0519 0.5541 0.8309
vn -0.0345 0.8325 -0.5530
vn -0.0519 -0.5541 -0.8309
vn -0.9981 -0.0000 0.0623
vt 0.625000 0.500000
vt 0.625000 0.750000
vt 0.875000 0.750000
vt 0.875000 0.500000
vt 0.375000 0.750000
vt 0.375000 1.000000
vt 0.625000 1.000000
vt 0.375000 0.000000
vt 0.375000 0.250000
vt 0.625000 0.250000
vt 0.625000 0.000000
vt 0.125000 0.500000
vt 0.125000 0.750000
vt 0.375000 0.500000
s 1
usemtl Green.001
f 25/43/19 27/44/19 31/45/19 29/46/19
f 28/47/20 32/48/20 31/49/20 27/44/20
f 32/50/21 30/51/21 29/52/21 31/53/21
f 30/54/22 32/55/22 28/47/22 26/56/22
f 26/56/23 28/47/23 27/44/23 25/43/23
f 30/51/24 26/56/24 25/43/24 29/52/24
o Cube.004
v 11.184093 4.097210 1.108990
v 10.447897 5.212623 1.013568
v 11.331436 4.097210 -0.027786
v 10.595240 5.212623 -0.123208
v 11.720408 4.457137 1.178504
v 10.984212 5.572549 1.083082
v 11.867750 4.457137 0.041728
v 11.131555 5.572549 -0.053694
vn 0.5495 -0.8325 0.0712
vn 0.1285 -0.0000 -0.9917
vn 0.8256 0.5541 0.1070
vn -0.5495 0.8325 -0.0712
vn -0.8256 -0.5541 -0.1070
vn -0.1285 -0.0000 0.9917
vt 0.625000 0.500000
vt 0.625000 0.750000
vt 0.875000 0.750000
vt 0.875000 0.500000
vt 0.375000 0.750000
vt 0.375000 1.000000
vt 0.625000 1.000000
vt 0.375000 0.000000
vt 0.375000 0.250000
vt 0.625000 0.250000
vt 0.625000 0.000000
vt 0.125000 0.500000
vt 0.125000 0.750000
vt 0.375000 0.500000
s 1
usemtl Green.002
f 33/57/25 35/58/25 39/59/25 37/60/25
f 36/61/26 40/62/26 39/63/26 35/58/26
f 40/64/27 38/65/27 37/66/27 39/67/27
f 38/68/28 40/69/28 36/61/28 34/70/28
f 34/70/29 36/61/29 35/58/29 33/57/29
f 38/65/30 34/70/30 33/57/30 37/66/30
o Cube.005
v -9.486391 -3.186625 -1.511728
v -10.222588 -2.071212 -1.607150
v -9.339048 -3.186625 -2.648504
v -10.075245 -2.071212 -2.743926
v -8.950076 -2.826698 -1.442214
v -9.686273 -1.711286 -1.537635
v -8.802734 -2.826698 -2.578990
v -9.538930 -1.711286 -2.674411
vn 0.5495 -0.8325 0.0712
vn 0.1285 -0.0000 -0.9917
vn 0.8256 0.5541 0.1070
vn -0.5495 0.8325 -0.0712
vn -0.8256 -0.5541 -0.1070
vn -0.1285 -0.0000 0.9917
vt 0.625000 0.500000
vt 0.625000 0.750000
vt 0.875000 0.750000
vt 0.875000 0.500000
vt 0.375000 0.750000
vt 0.375000 1.000000
vt 0.625000 1.000000
vt 0.375000 0.000000
vt 0.375000 0.250000
vt 0.625000 0.250000
vt 0.625000 0.000000
vt 0.125000 0.500000
vt 0.125000 0.750000
vt 0.375000 0.500000
s 1
usemtl Green
f 41/71/31 43/72/31 47/73/31 45/74/31
f 44/75/32 48/76/32 47/77/32 43/72/32
f 48/78/33 46/79/33 45/80/33 47/81/33
f 46/82/34 48/83/34 44/75/34 42/84/34
f 42/84/35 44/75/35 43/72/35 41/71/35
f 46/79/36 42/84/36 41/71/36 45/80/36
o Cube.006
v 1.514355 4.129866 -9.152837
v 1.465004 5.245278 -8.412125
v 0.370606 4.129866 -9.229040
v 0.321255 5.245278 -8.488328
v 1.550307 4.489792 -9.692441
v 1.500956 5.605204 -8.951729
v 0.406558 4.489792 -9.768645
v 0.357207 5.605205 -9.027933
vn 0.0368 -0.8325 -0.5528
vn -0.9978 -0.0000 -0.0665
vn 0.0553 0.5541 -0.8306
vn -0.0368 0.8325 0.5528
vn -0.0553 -0.5541 0.8306
vn 0.9978 -0.0000 0.0665
vt 0.625000 0.500000
vt 0.625000 0.750000
vt 0.875000 0.750000
vt 0.875000 0.500000
vt 0.375000 0.750000
vt 0.375000 1.000000
vt 0.625000 1.000000
vt 0.375000 0.000000
vt 0.375000 0.250000
vt 0.625000 0.250000
vt 0.625000 0.000000
vt 0.125000 0.500000
vt 0.125000 0.750000
vt 0.375000 0.500000
s 1
usemtl Green
f 49/85/37 51/86/37 55/87/37 53/88/37
f 52/89/38 56/90/38 55/91/38 51/86/38
f 56/92/39 54/93/39 53/94/39 55/95/39
f 54/96/40 56/97/40 52/89/40 50/98/40
f 50/98/41 52/89/41 51/86/41 49/85/41
f 54/93/42 50/98/42 49/85/42 53/94/42
o Cube.007
v 0.640395 -3.153969 8.143270
v 0.591044 -2.038557 8.883982
v -0.503354 -3.153969 8.067066
v -0.552704 -2.038556 8.807778
v 0.676347 -2.794043 7.603665
v 0.626996 -1.678630 8.344378
v -0.467402 -2.794043 7.527461
v -0.516753 -1.678630 8.268173
vn 0.0368 -0.8325 -0.5528
vn -0.9978 -0.0000 -0.0665
vn 0.0553 0.5541 -0.8306
vn -0.0368 0.8325 0.5528
vn -0.0553 -0.5541 0.8306
vn 0.9978 -0.0000 0.0665
vt 0.625000 0.500000
vt 0.625000 0.750000
vt 0.875000 0.750000
vt 0.875000 0.500000
vt 0.375000 0.750000
vt 0.375000 1.000000
vt 0.625000 1.000000
vt 0.375000 0.000000
vt 0.375000 0.250000
vt 0.625000 0.250000
vt 0.625000 0.000000
vt 0.125000 0.500000
vt 0.125000 0.750000
vt 0.375000 0.500000
s 1
usemtl Green
f 57/99/43 59/100/43 63/101/43 61/102/43
f 60/103/44 64/104/44 63/105/44 59/100/44
f 64/106/45 62/107/45 61/108/45 63/109/45
f 62/110/46 64/111/46 60/103/46 58/112/46
f 58/112/47 60/103/47 59/100/47 57/99/47
f 62/107/48 58/112/48 57/99/48 61/108/48
